ELEMENT :    1
-400.00000   0.00000   0.00000   0.00000 400.00000   0.00000
   0.00000   0.00000   0.00000-400.00000   0.00000 400.00000
   0.00000-400.00000-400.00000   0.00000 400.00000 400.00000
ELEMENT :    2
   0.00000   0.00000-400.00000   0.00000 400.00000   0.00000
   0.00000 400.00000   0.00000-400.00000   0.00000   0.00000
 400.00000   0.00000-400.00000-400.00000   0.00000 400.00000
ELEMENT :    3
-400.00000   0.00000 400.00000   0.00000   0.00000   0.00000
   0.00000   0.00000   0.00000-400.00000   0.00000 400.00000
   0.00000-400.00000-400.00000 400.00000 400.00000   0.00000
ELEMENT :    4
-400.00000   0.00000   0.00000   0.00000 400.00000   0.00000
   0.00000 400.00000   0.00000-400.00000   0.00000   0.00000
 400.00000-400.00000-400.00000   0.00000   0.00000 400.00000
ELEMENT :    5
-400.00000   0.00000   0.00000   0.00000 400.00000   0.00000
   0.00000   0.00000   0.00000-400.00000   0.00000 400.00000
   0.00000-400.00000-400.00000   0.00000 400.00000 400.00000
ELEMENT :    6
   0.00000   0.00000-400.00000   0.00000 400.00000   0.00000
   0.00000 400.00000   0.00000-400.00000   0.00000   0.00000
 400.00000   0.00000-400.00000-400.00000   0.00000 400.00000
ELEMENT :    7
-400.00000   0.00000 400.00000   0.00000   0.00000   0.00000
   0.00000   0.00000   0.00000-400.00000   0.00000 400.00000
   0.00000-400.00000-400.00000 400.00000 400.00000   0.00000
ELEMENT :    8
-400.00000   0.00000   0.00000   0.00000 400.00000   0.00000
   0.00000 400.00000   0.00000-400.00000   0.00000   0.00000
 400.00000-400.00000-400.00000   0.00000   0.00000 400.00000
ELEMENT :    9
-400.00000   0.00000 400.00000   0.00000   0.00000   0.00000
   0.00000   0.00000   0.00000-400.00000   0.00000 400.00000
   0.00000-400.00000-400.00000 400.00000 400.00000   0.00000
ELEMENT :   10
-400.00000   0.00000   0.00000   0.00000 400.00000   0.00000
   0.00000 400.00000   0.00000-400.00000   0.00000   0.00000
 400.00000-400.00000-400.00000   0.00000   0.00000 400.00000
ELEMENT :   11
-400.00000   0.00000   0.00000   0.00000 400.00000   0.00000
   0.00000   0.00000   0.00000-400.00000   0.00000 400.00000
   0.00000-400.00000-400.00000   0.00000 400.00000 400.00000
ELEMENT :   12
   0.00000   0.00000-400.00000   0.00000 400.00000   0.00000
   0.00000 400.00000   0.00000-400.00000   0.00000   0.00000
 400.00000   0.00000-400.00000-400.00000   0.00000 400.00000
ELEMENT :   13
-400.00000   0.00000 400.00000   0.00000   0.00000   0.00000
   0.00000   0.00000   0.00000-400.00000   0.00000 400.00000
   0.00000-400.00000-400.00000 400.00000 400.00000   0.00000
ELEMENT :   14
-400.00000   0.00000   0.00000   0.00000 400.00000   0.00000
   0.00000 400.00000   0.00000-400.00000   0.00000   0.00000
 400.00000-400.00000-400.00000   0.00000   0.00000 400.00000
ELEMENT :   15
-400.00000   0.00000   0.00000   0.00000 400.00000   0.00000
   0.00000   0.00000   0.00000-400.00000   0.00000 400.00000
   0.00000-400.00000-400.00000   0.00000 400.00000 400.00000
ELEMENT :   16
   0.00000   0.00000-400.00000   0.00000 400.00000   0.00000
   0.00000 400.00000   0.00000-400.00000   0.00000   0.00000
 400.00000   0.00000-400.00000-400.00000   0.00000 400.00000
ELEMENT :   17
-400.00000   0.00000   0.00000   0.00000 400.00000   0.00000
   0.00000   0.00000   0.00000-400.00000   0.00000 400.00000
   0.00000-400.00000-400.00000   0.00000 400.00000 400.00000
ELEMENT :   18
   0.00000   0.00000-400.00000   0.00000 400.00000   0.00000
   0.00000 400.00000   0.00000-400.00000   0.00000   0.00000
 400.00000   0.00000-400.00000-400.00000   0.00000 400.00000
ELEMENT :   19
-400.00000   0.00000 400.00000   0.00000   0.00000   0.00000
   0.00000   0.00000   0.00000-400.00000   0.00000 400.00000
   0.00000-400.00000-400.00000 400.00000 400.00000   0.00000
ELEMENT :   20
-400.00000   0.00000   0.00000   0.00000 400.00000   0.00000
   0.00000 400.00000   0.00000-400.00000   0.00000   0.00000
 400.00000-400.00000-400.00000   0.00000   0.00000 400.00000
ELEMENT :   21
-400.00000   0.00000   0.00000   0.00000 400.00000   0.00000
   0.00000   0.00000   0.00000-400.00000   0.00000 400.00000
   0.00000-400.00000-400.00000   0.00000 400.00000 400.00000
ELEMENT :   22
   0.00000   0.00000-400.00000   0.00000 400.00000   0.00000
   0.00000 400.00000   0.00000-400.00000   0.00000   0.00000
 400.00000   0.00000-400.00000-400.00000   0.00000 400.00000
ELEMENT :   23
-400.00000   0.00000 400.00000   0.00000   0.00000   0.00000
   0.00000   0.00000   0.00000-400.00000   0.00000 400.00000
   0.00000-400.00000-400.00000 400.00000 400.00000   0.00000
ELEMENT :   24
-400.00000   0.00000   0.00000   0.00000 400.00000   0.00000
   0.00000 400.00000   0.00000-400.00000   0.00000   0.00000
 400.00000-400.00000-400.00000   0.00000   0.00000 400.00000
ELEMENT :   25
-400.00000   0.00000 400.00000   0.00000   0.00000   0.00000
   0.00000   0.00000   0.00000-400.00000   0.00000 400.00000
   0.00000-400.00000-400.00000 400.00000 400.00000   0.00000
ELEMENT :   26
-400.00000   0.00000   0.00000   0.00000 400.00000   0.00000
   0.00000 400.00000   0.00000-400.00000   0.00000   0.00000
 400.00000-400.00000-400.00000   0.00000   0.00000 400.00000
ELEMENT :   27
-400.00000   0.00000   0.00000   0.00000 400.00000   0.00000
   0.00000   0.00000   0.00000-400.00000   0.00000 400.00000
   0.00000-400.00000-400.00000   0.00000 400.00000 400.00000
ELEMENT :   28
   0.00000   0.00000-400.00000   0.00000 400.00000   0.00000
   0.00000 400.00000   0.00000-400.00000   0.00000   0.00000
 400.00000   0.00000-400.00000-400.00000   0.00000 400.00000
ELEMENT :   29
-400.00000   0.00000 400.00000   0.00000   0.00000   0.00000
   0.00000   0.00000   0.00000-400.00000   0.00000 400.00000
   0.00000-400.00000-400.00000 400.00000 400.00000   0.00000
ELEMENT :   30
-400.00000   0.00000   0.00000   0.00000 400.00000   0.00000
   0.00000 400.00000   0.00000-400.00000   0.00000   0.00000
 400.00000-400.00000-400.00000   0.00000   0.00000 400.00000
ELEMENT :   31
-400.00000   0.00000   0.00000   0.00000 400.00000   0.00000
   0.00000   0.00000   0.00000-400.00000   0.00000 400.00000
   0.00000-400.00000-400.00000   0.00000 400.00000 400.00000
ELEMENT :   32
   0.00000   0.00000-400.00000   0.00000 400.00000   0.00000
   0.00000 400.00000   0.00000-400.00000   0.00000   0.00000
 400.00000   0.00000-400.00000-400.00000   0.00000 400.00000
ELEMENT :   33
-400.00000   0.00000   0.00000   0.00000 400.00000   0.00000
   0.00000   0.00000   0.00000-400.00000   0.00000 400.00000
   0.00000-400.00000-400.00000   0.00000 400.00000 400.00000
ELEMENT :   34
   0.00000   0.00000-400.00000   0.00000 400.00000   0.00000
   0.00000 400.00000   0.00000-400.00000   0.00000   0.00000
 400.00000   0.00000-400.00000-400.00000   0.00000 400.00000
ELEMENT :   35
-400.00000   0.00000 400.00000   0.00000   0.00000   0.00000
   0.00000   0.00000   0.00000-400.00000   0.00000 400.00000
   0.00000-400.00000-400.00000 400.00000 400.00000   0.00000
ELEMENT :   36
-400.00000   0.00000   0.00000   0.00000 400.00000   0.00000
   0.00000 400.00000   0.00000-400.00000   0.00000   0.00000
 400.00000-400.00000-400.00000   0.00000   0.00000 400.00000
ELEMENT :   37
-400.00000   0.00000   0.00000   0.00000 400.00000   0.00000
   0.00000   0.00000   0.00000-400.00000   0.00000 400.00000
   0.00000-400.00000-400.00000   0.00000 400.00000 400.00000
ELEMENT :   38
   0.00000   0.00000-400.00000   0.00000 400.00000   0.00000
   0.00000 400.00000   0.00000-400.00000   0.00000   0.00000
 400.00000   0.00000-400.00000-400.00000   0.00000 400.00000
ELEMENT :   39
-400.00000   0.00000 400.00000   0.00000   0.00000   0.00000
   0.00000   0.00000   0.00000-400.00000   0.00000 400.00000
   0.00000-400.00000-400.00000 400.00000 400.00000   0.00000
ELEMENT :   40
-400.00000   0.00000   0.00000   0.00000 400.00000   0.00000
   0.00000 400.00000   0.00000-400.00000   0.00000   0.00000
 400.00000-400.00000-400.00000   0.00000   0.00000 400.00000
ELEMENT :   41
-400.00000   0.00000 400.00000   0.00000   0.00000   0.00000
   0.00000   0.00000   0.00000-400.00000   0.00000 400.00000
   0.00000-400.00000-400.00000 400.00000 400.00000   0.00000
ELEMENT :   42
-400.00000   0.00000   0.00000   0.00000 400.00000   0.00000
   0.00000 400.00000   0.00000-400.00000   0.00000   0.00000
 400.00000-400.00000-400.00000   0.00000   0.00000 400.00000
ELEMENT :   43
-400.00000   0.00000   0.00000   0.00000 400.00000   0.00000
   0.00000   0.00000   0.00000-400.00000   0.00000 400.00000
   0.00000-400.00000-400.00000   0.00000 400.00000 400.00000
ELEMENT :   44
   0.00000   0.00000-400.00000   0.00000 400.00000   0.00000
   0.00000 400.00000   0.00000-400.00000   0.00000   0.00000
 400.00000   0.00000-400.00000-400.00000   0.00000 400.00000
ELEMENT :   45
-400.00000   0.00000 400.00000   0.00000   0.00000   0.00000
   0.00000   0.00000   0.00000-400.00000   0.00000 400.00000
   0.00000-400.00000-400.00000 400.00000 400.00000   0.00000
ELEMENT :   46
-400.00000   0.00000   0.00000   0.00000 400.00000   0.00000
   0.00000 400.00000   0.00000-400.00000   0.00000   0.00000
 400.00000-400.00000-400.00000   0.00000   0.00000 400.00000
ELEMENT :   47
-400.00000   0.00000   0.00000   0.00000 400.00000   0.00000
   0.00000   0.00000   0.00000-400.00000   0.00000 400.00000
   0.00000-400.00000-400.00000   0.00000 400.00000 400.00000
ELEMENT :   48
   0.00000   0.00000-400.00000   0.00000 400.00000   0.00000
   0.00000 400.00000   0.00000-400.00000   0.00000   0.00000
 400.00000   0.00000-400.00000-400.00000   0.00000 400.00000
ELEMENT :   49
-400.00000   0.00000   0.00000   0.00000 400.00000   0.00000
   0.00000   0.00000   0.00000-400.00000   0.00000 400.00000
   0.00000-400.00000-400.00000   0.00000 400.00000 400.00000
ELEMENT :   50
   0.00000   0.00000-400.00000   0.00000 400.00000   0.00000
   0.00000 400.00000   0.00000-400.00000   0.00000   0.00000
 400.00000   0.00000-400.00000-400.00000   0.00000 400.00000
ELEMENT :   51
-400.00000   0.00000 400.00000   0.00000   0.00000   0.00000
   0.00000   0.00000   0.00000-400.00000   0.00000 400.00000
   0.00000-400.00000-400.00000 400.00000 400.00000   0.00000
ELEMENT :   52
-400.00000   0.00000   0.00000   0.00000 400.00000   0.00000
   0.00000 400.00000   0.00000-400.00000   0.00000   0.00000
 400.00000-400.00000-400.00000   0.00000   0.00000 400.00000
ELEMENT :   53
-400.00000   0.00000   0.00000   0.00000 400.00000   0.00000
   0.00000   0.00000   0.00000-400.00000   0.00000 400.00000
   0.00000-400.00000-400.00000   0.00000 400.00000 400.00000
ELEMENT :   54
   0.00000   0.00000-400.00000   0.00000 400.00000   0.00000
   0.00000 400.00000   0.00000-400.00000   0.00000   0.00000
 400.00000   0.00000-400.00000-400.00000   0.00000 400.00000
ELEMENT :   55
-400.00000   0.00000 400.00000   0.00000   0.00000   0.00000
   0.00000   0.00000   0.00000-400.00000   0.00000 400.00000
   0.00000-400.00000-400.00000 400.00000 400.00000   0.00000
ELEMENT :   56
-400.00000   0.00000   0.00000   0.00000 400.00000   0.00000
   0.00000 400.00000   0.00000-400.00000   0.00000   0.00000
 400.00000-400.00000-400.00000   0.00000   0.00000 400.00000
ELEMENT :   57
-400.00000   0.00000 400.00000   0.00000   0.00000   0.00000
   0.00000   0.00000   0.00000-400.00000   0.00000 400.00000
   0.00000-400.00000-400.00000 400.00000 400.00000   0.00000
ELEMENT :   58
-400.00000   0.00000   0.00000   0.00000 400.00000   0.00000
   0.00000 400.00000   0.00000-400.00000   0.00000   0.00000
 400.00000-400.00000-400.00000   0.00000   0.00000 400.00000
ELEMENT :   59
-400.00000   0.00000   0.00000   0.00000 400.00000   0.00000
   0.00000   0.00000   0.00000-400.00000   0.00000 400.00000
   0.00000-400.00000-400.00000   0.00000 400.00000 400.00000
ELEMENT :   60
   0.00000   0.00000-400.00000   0.00000 400.00000   0.00000
   0.00000 400.00000   0.00000-400.00000   0.00000   0.00000
 400.00000   0.00000-400.00000-400.00000   0.00000 400.00000
ELEMENT :   61
-400.00000   0.00000 400.00000   0.00000   0.00000   0.00000
   0.00000   0.00000   0.00000-400.00000   0.00000 400.00000
   0.00000-400.00000-400.00000 400.00000 400.00000   0.00000
ELEMENT :   62
-400.00000   0.00000   0.00000   0.00000 400.00000   0.00000
   0.00000 400.00000   0.00000-400.00000   0.00000   0.00000
 400.00000-400.00000-400.00000   0.00000   0.00000 400.00000
ELEMENT :   63
-400.00000   0.00000   0.00000   0.00000 400.00000   0.00000
   0.00000   0.00000   0.00000-400.00000   0.00000 400.00000
   0.00000-400.00000-400.00000   0.00000 400.00000 400.00000
ELEMENT :   64
   0.00000   0.00000-400.00000   0.00000 400.00000   0.00000
   0.00000 400.00000   0.00000-400.00000   0.00000   0.00000
 400.00000   0.00000-400.00000-400.00000   0.00000 400.00000
ELEMENT :   65
-400.00000   0.00000   0.00000   0.00000 400.00000   0.00000
   0.00000   0.00000   0.00000-400.00000   0.00000 400.00000
   0.00000-400.00000-400.00000   0.00000 400.00000 400.00000
ELEMENT :   66
   0.00000   0.00000-400.00000   0.00000 400.00000   0.00000
   0.00000 400.00000   0.00000-400.00000   0.00000   0.00000
 400.00000   0.00000-400.00000-400.00000   0.00000 400.00000
ELEMENT :   67
-400.00000   0.00000 400.00000   0.00000   0.00000   0.00000
   0.00000   0.00000   0.00000-400.00000   0.00000 400.00000
   0.00000-400.00000-400.00000 400.00000 400.00000   0.00000
ELEMENT :   68
-400.00000   0.00000   0.00000   0.00000 400.00000   0.00000
   0.00000 400.00000   0.00000-400.00000   0.00000   0.00000
 400.00000-400.00000-400.00000   0.00000   0.00000 400.00000
ELEMENT :   69
-400.00000   0.00000   0.00000   0.00000 400.00000   0.00000
   0.00000   0.00000   0.00000-400.00000   0.00000 400.00000
   0.00000-400.00000-400.00000   0.00000 400.00000 400.00000
ELEMENT :   70
   0.00000   0.00000-400.00000   0.00000 400.00000   0.00000
   0.00000 400.00000   0.00000-400.00000   0.00000   0.00000
 400.00000   0.00000-400.00000-400.00000   0.00000 400.00000
ELEMENT :   71
-400.00000   0.00000 400.00000   0.00000   0.00000   0.00000
   0.00000   0.00000   0.00000-400.00000   0.00000 400.00000
   0.00000-400.00000-400.00000 400.00000 400.00000   0.00000
ELEMENT :   72
-400.00000   0.00000   0.00000   0.00000 400.00000   0.00000
   0.00000 400.00000   0.00000-400.00000   0.00000   0.00000
 400.00000-400.00000-400.00000   0.00000   0.00000 400.00000
ELEMENT :   73
-400.00000   0.00000 400.00000   0.00000   0.00000   0.00000
   0.00000   0.00000   0.00000-400.00000   0.00000 400.00000
   0.00000-400.00000-400.00000 400.00000 400.00000   0.00000
ELEMENT :   74
-400.00000   0.00000   0.00000   0.00000 400.00000   0.00000
   0.00000 400.00000   0.00000-400.00000   0.00000   0.00000
 400.00000-400.00000-400.00000   0.00000   0.00000 400.00000
ELEMENT :   75
-400.00000   0.00000   0.00000   0.00000 400.00000   0.00000
   0.00000   0.00000   0.00000-400.00000   0.00000 400.00000
   0.00000-400.00000-400.00000   0.00000 400.00000 400.00000
ELEMENT :   76
   0.00000   0.00000-400.00000   0.00000 400.00000   0.00000
   0.00000 400.00000   0.00000-400.00000   0.00000   0.00000
 400.00000   0.00000-400.00000-400.00000   0.00000 400.00000
ELEMENT :   77
-400.00000   0.00000 400.00000   0.00000   0.00000   0.00000
   0.00000   0.00000   0.00000-400.00000   0.00000 400.00000
   0.00000-400.00000-400.00000 400.00000 400.00000   0.00000
ELEMENT :   78
-400.00000   0.00000   0.00000   0.00000 400.00000   0.00000
   0.00000 400.00000   0.00000-400.00000   0.00000   0.00000
 400.00000-400.00000-400.00000   0.00000   0.00000 400.00000
ELEMENT :   79
-400.00000   0.00000   0.00000   0.00000 400.00000   0.00000
   0.00000   0.00000   0.00000-400.00000   0.00000 400.00000
   0.00000-400.00000-400.00000   0.00000 400.00000 400.00000
ELEMENT :   80
   0.00000   0.00000-400.00000   0.00000 400.00000   0.00000
   0.00000 400.00000   0.00000-400.00000   0.00000   0.00000
 400.00000   0.00000-400.00000-400.00000   0.00000 400.00000
ELEMENT :   81
-400.00000   0.00000   0.00000   0.00000 400.00000   0.00000
   0.00000   0.00000   0.00000-400.00000   0.00000 400.00000
   0.00000-400.00000-400.00000   0.00000 400.00000 400.00000
ELEMENT :   82
   0.00000   0.00000-400.00000   0.00000 400.00000   0.00000
   0.00000 400.00000   0.00000-400.00000   0.00000   0.00000
 400.00000   0.00000-400.00000-400.00000   0.00000 400.00000
ELEMENT :   83
-400.00000   0.00000 400.00000   0.00000   0.00000   0.00000
   0.00000   0.00000   0.00000-400.00000   0.00000 400.00000
   0.00000-400.00000-400.00000 400.00000 400.00000   0.00000
ELEMENT :   84
-400.00000   0.00000   0.00000   0.00000 400.00000   0.00000
   0.00000 400.00000   0.00000-400.00000   0.00000   0.00000
 400.00000-400.00000-400.00000   0.00000   0.00000 400.00000
ELEMENT :   85
-400.00000   0.00000   0.00000   0.00000 400.00000   0.00000
   0.00000   0.00000   0.00000-400.00000   0.00000 400.00000
   0.00000-400.00000-400.00000   0.00000 400.00000 400.00000
ELEMENT :   86
   0.00000   0.00000-400.00000   0.00000 400.00000   0.00000
   0.00000 400.00000   0.00000-400.00000   0.00000   0.00000
 400.00000   0.00000-400.00000-400.00000   0.00000 400.00000
ELEMENT :   87
-400.00000   0.00000 400.00000   0.00000   0.00000   0.00000
   0.00000   0.00000   0.00000-400.00000   0.00000 400.00000
   0.00000-400.00000-400.00000 400.00000 400.00000   0.00000
ELEMENT :   88
-400.00000   0.00000   0.00000   0.00000 400.00000   0.00000
   0.00000 400.00000   0.00000-400.00000   0.00000   0.00000
 400.00000-400.00000-400.00000   0.00000   0.00000 400.00000
ELEMENT :   89
-400.00000   0.00000 400.00000   0.00000   0.00000   0.00000
   0.00000   0.00000   0.00000-400.00000   0.00000 400.00000
   0.00000-400.00000-400.00000 400.00000 400.00000   0.00000
ELEMENT :   90
-400.00000   0.00000   0.00000   0.00000 400.00000   0.00000
   0.00000 400.00000   0.00000-400.00000   0.00000   0.00000
 400.00000-400.00000-400.00000   0.00000   0.00000 400.00000
ELEMENT :   91
-400.00000   0.00000   0.00000   0.00000 400.00000   0.00000
   0.00000   0.00000   0.00000-400.00000   0.00000 400.00000
   0.00000-400.00000-400.00000   0.00000 400.00000 400.00000
ELEMENT :   92
   0.00000   0.00000-400.00000   0.00000 400.00000   0.00000
   0.00000 400.00000   0.00000-400.00000   0.00000   0.00000
 400.00000   0.00000-400.00000-400.00000   0.00000 400.00000
ELEMENT :   93
-400.00000   0.00000 400.00000   0.00000   0.00000   0.00000
   0.00000   0.00000   0.00000-400.00000   0.00000 400.00000
   0.00000-400.00000-400.00000 400.00000 400.00000   0.00000
ELEMENT :   94
-400.00000   0.00000   0.00000   0.00000 400.00000   0.00000
   0.00000 400.00000   0.00000-400.00000   0.00000   0.00000
 400.00000-400.00000-400.00000   0.00000   0.00000 400.00000
ELEMENT :   95
-400.00000   0.00000   0.00000   0.00000 400.00000   0.00000
   0.00000   0.00000   0.00000-400.00000   0.00000 400.00000
   0.00000-400.00000-400.00000   0.00000 400.00000 400.00000
ELEMENT :   96
   0.00000   0.00000-400.00000   0.00000 400.00000   0.00000
   0.00000 400.00000   0.00000-400.00000   0.00000   0.00000
 400.00000   0.00000-400.00000-400.00000   0.00000 400.00000
ELEMENT :   97
-400.00000   0.00000   0.00000   0.00000 400.00000   0.00000
   0.00000   0.00000   0.00000-400.00000   0.00000 400.00000
   0.00000-400.00000-400.00000   0.00000 400.00000 400.00000
ELEMENT :   98
   0.00000   0.00000-400.00000   0.00000 400.00000   0.00000
   0.00000 400.00000   0.00000-400.00000   0.00000   0.00000
 400.00000   0.00000-400.00000-400.00000   0.00000 400.00000
ELEMENT :   99
-400.00000   0.00000 400.00000   0.00000   0.00000   0.00000
   0.00000   0.00000   0.00000-400.00000   0.00000 400.00000
   0.00000-400.00000-400.00000 400.00000 400.00000   0.00000
ELEMENT :  100
-400.00000   0.00000   0.00000   0.00000 400.00000   0.00000
   0.00000 400.00000   0.00000-400.00000   0.00000   0.00000
 400.00000-400.00000-400.00000   0.00000   0.00000 400.00000
ELEMENT :  101
-400.00000   0.00000   0.00000   0.00000 400.00000   0.00000
   0.00000   0.00000   0.00000-400.00000   0.00000 400.00000
   0.00000-400.00000-400.00000   0.00000 400.00000 400.00000
ELEMENT :  102
   0.00000   0.00000-400.00000   0.00000 400.00000   0.00000
   0.00000 400.00000   0.00000-400.00000   0.00000   0.00000
 400.00000   0.00000-400.00000-400.00000   0.00000 400.00000
ELEMENT :  103
-400.00000   0.00000 400.00000   0.00000   0.00000   0.00000
   0.00000   0.00000   0.00000-400.00000   0.00000 400.00000
   0.00000-400.00000-400.00000 400.00000 400.00000   0.00000
ELEMENT :  104
-400.00000   0.00000   0.00000   0.00000 400.00000   0.00000
   0.00000 400.00000   0.00000-400.00000   0.00000   0.00000
 400.00000-400.00000-400.00000   0.00000   0.00000 400.00000
ELEMENT :  105
-400.00000   0.00000 400.00000   0.00000   0.00000   0.00000
   0.00000   0.00000   0.00000-400.00000   0.00000 400.00000
   0.00000-400.00000-400.00000 400.00000 400.00000   0.00000
ELEMENT :  106
-400.00000   0.00000   0.00000   0.00000 400.00000   0.00000
   0.00000 400.00000   0.00000-400.00000   0.00000   0.00000
 400.00000-400.00000-400.00000   0.00000   0.00000 400.00000
ELEMENT :  107
-400.00000   0.00000   0.00000   0.00000 400.00000   0.00000
   0.00000   0.00000   0.00000-400.00000   0.00000 400.00000
   0.00000-400.00000-400.00000   0.00000 400.00000 400.00000
ELEMENT :  108
   0.00000   0.00000-400.00000   0.00000 400.00000   0.00000
   0.00000 400.00000   0.00000-400.00000   0.00000   0.00000
 400.00000   0.00000-400.00000-400.00000   0.00000 400.00000
ELEMENT :  109
-400.00000   0.00000 400.00000   0.00000   0.00000   0.00000
   0.00000   0.00000   0.00000-400.00000   0.00000 400.00000
   0.00000-400.00000-400.00000 400.00000 400.00000   0.00000
ELEMENT :  110
-400.00000   0.00000   0.00000   0.00000 400.00000   0.00000
   0.00000 400.00000   0.00000-400.00000   0.00000   0.00000
 400.00000-400.00000-400.00000   0.00000   0.00000 400.00000
ELEMENT :  111
-400.00000   0.00000   0.00000   0.00000 400.00000   0.00000
   0.00000   0.00000   0.00000-400.00000   0.00000 400.00000
   0.00000-400.00000-400.00000   0.00000 400.00000 400.00000
ELEMENT :  112
   0.00000   0.00000-400.00000   0.00000 400.00000   0.00000
   0.00000 400.00000   0.00000-400.00000   0.00000   0.00000
 400.00000   0.00000-400.00000-400.00000   0.00000 400.00000
ELEMENT :  113
-400.00000   0.00000   0.00000   0.00000 400.00000   0.00000
   0.00000   0.00000   0.00000-400.00000   0.00000 400.00000
   0.00000-400.00000-400.00000   0.00000 400.00000 400.00000
ELEMENT :  114
   0.00000   0.00000-400.00000   0.00000 400.00000   0.00000
   0.00000 400.00000   0.00000-400.00000   0.00000   0.00000
 400.00000   0.00000-400.00000-400.00000   0.00000 400.00000
ELEMENT :  115
-400.00000   0.00000 400.00000   0.00000   0.00000   0.00000
   0.00000   0.00000   0.00000-400.00000   0.00000 400.00000
   0.00000-400.00000-400.00000 400.00000 400.00000   0.00000
ELEMENT :  116
-400.00000   0.00000   0.00000   0.00000 400.00000   0.00000
   0.00000 400.00000   0.00000-400.00000   0.00000   0.00000
 400.00000-400.00000-400.00000   0.00000   0.00000 400.00000
ELEMENT :  117
-400.00000   0.00000   0.00000   0.00000 400.00000   0.00000
   0.00000   0.00000   0.00000-400.00000   0.00000 400.00000
   0.00000-400.00000-400.00000   0.00000 400.00000 400.00000
ELEMENT :  118
   0.00000   0.00000-400.00000   0.00000 400.00000   0.00000
   0.00000 400.00000   0.00000-400.00000   0.00000   0.00000
 400.00000   0.00000-400.00000-400.00000   0.00000 400.00000
ELEMENT :  119
-400.00000   0.00000 400.00000   0.00000   0.00000   0.00000
   0.00000   0.00000   0.00000-400.00000   0.00000 400.00000
   0.00000-400.00000-400.00000 400.00000 400.00000   0.00000
ELEMENT :  120
-400.00000   0.00000   0.00000   0.00000 400.00000   0.00000
   0.00000 400.00000   0.00000-400.00000   0.00000   0.00000
 400.00000-400.00000-400.00000   0.00000   0.00000 400.00000
ELEMENT :  121
-400.00000   0.00000 400.00000   0.00000   0.00000   0.00000
   0.00000   0.00000   0.00000-400.00000   0.00000 400.00000
   0.00000-400.00000-400.00000 400.00000 400.00000   0.00000
ELEMENT :  122
-400.00000   0.00000   0.00000   0.00000 400.00000   0.00000
   0.00000 400.00000   0.00000-400.00000   0.00000   0.00000
 400.00000-400.00000-400.00000   0.00000   0.00000 400.00000
ELEMENT :  123
-400.00000   0.00000   0.00000   0.00000 400.00000   0.00000
   0.00000   0.00000   0.00000-400.00000   0.00000 400.00000
   0.00000-400.00000-400.00000   0.00000 400.00000 400.00000
ELEMENT :  124
   0.00000   0.00000-400.00000   0.00000 400.00000   0.00000
   0.00000 400.00000   0.00000-400.00000   0.00000   0.00000
 400.00000   0.00000-400.00000-400.00000   0.00000 400.00000
ELEMENT :  125
-400.00000   0.00000 400.00000   0.00000   0.00000   0.00000
   0.00000   0.00000   0.00000-400.00000   0.00000 400.00000
   0.00000-400.00000-400.00000 400.00000 400.00000   0.00000
ELEMENT :  126
-400.00000   0.00000   0.00000   0.00000 400.00000   0.00000
   0.00000 400.00000   0.00000-400.00000   0.00000   0.00000
 400.00000-400.00000-400.00000   0.00000   0.00000 400.00000
ELEMENT :  127
-400.00000   0.00000   0.00000   0.00000 400.00000   0.00000
   0.00000   0.00000   0.00000-400.00000   0.00000 400.00000
   0.00000-400.00000-400.00000   0.00000 400.00000 400.00000
ELEMENT :  128
   0.00000   0.00000-400.00000   0.00000 400.00000   0.00000
   0.00000 400.00000   0.00000-400.00000   0.00000   0.00000
 400.00000   0.00000-400.00000-400.00000   0.00000 400.00000
ELEMENT :  129
-400.00000   0.00000   0.00000   0.00000 400.00000   0.00000
   0.00000   0.00000   0.00000-400.00000   0.00000 400.00000
   0.00000-400.00000-400.00000   0.00000 400.00000 400.00000
ELEMENT :  130
   0.00000   0.00000-400.00000   0.00000 400.00000   0.00000
   0.00000 400.00000   0.00000-400.00000   0.00000   0.00000
 400.00000   0.00000-400.00000-400.00000   0.00000 400.00000
ELEMENT :  131
-400.00000   0.00000 400.00000   0.00000   0.00000   0.00000
   0.00000   0.00000   0.00000-400.00000   0.00000 400.00000
   0.00000-400.00000-400.00000 400.00000 400.00000   0.00000
ELEMENT :  132
-400.00000   0.00000   0.00000   0.00000 400.00000   0.00000
   0.00000 400.00000   0.00000-400.00000   0.00000   0.00000
 400.00000-400.00000-400.00000   0.00000   0.00000 400.00000
ELEMENT :  133
-400.00000   0.00000   0.00000   0.00000 400.00000   0.00000
   0.00000   0.00000   0.00000-400.00000   0.00000 400.00000
   0.00000-400.00000-400.00000   0.00000 400.00000 400.00000
ELEMENT :  134
   0.00000   0.00000-400.00000   0.00000 400.00000   0.00000
   0.00000 400.00000   0.00000-400.00000   0.00000   0.00000
 400.00000   0.00000-400.00000-400.00000   0.00000 400.00000
ELEMENT :  135
-400.00000   0.00000 400.00000   0.00000   0.00000   0.00000
   0.00000   0.00000   0.00000-400.00000   0.00000 400.00000
   0.00000-400.00000-400.00000 400.00000 400.00000   0.00000
ELEMENT :  136
-400.00000   0.00000   0.00000   0.00000 400.00000   0.00000
   0.00000 400.00000   0.00000-400.00000   0.00000   0.00000
 400.00000-400.00000-400.00000   0.00000   0.00000 400.00000
ELEMENT :  137
-400.00000   0.00000 400.00000   0.00000   0.00000   0.00000
   0.00000   0.00000   0.00000-400.00000   0.00000 400.00000
   0.00000-400.00000-400.00000 400.00000 400.00000   0.00000
ELEMENT :  138
-400.00000   0.00000   0.00000   0.00000 400.00000   0.00000
   0.00000 400.00000   0.00000-400.00000   0.00000   0.00000
 400.00000-400.00000-400.00000   0.00000   0.00000 400.00000
ELEMENT :  139
-400.00000   0.00000   0.00000   0.00000 400.00000   0.00000
   0.00000   0.00000   0.00000-400.00000   0.00000 400.00000
   0.00000-400.00000-400.00000   0.00000 400.00000 400.00000
ELEMENT :  140
   0.00000   0.00000-400.00000   0.00000 400.00000   0.00000
   0.00000 400.00000   0.00000-400.00000   0.00000   0.00000
 400.00000   0.00000-400.00000-400.00000   0.00000 400.00000
ELEMENT :  141
-400.00000   0.00000 400.00000   0.00000   0.00000   0.00000
   0.00000   0.00000   0.00000-400.00000   0.00000 400.00000
   0.00000-400.00000-400.00000 400.00000 400.00000   0.00000
ELEMENT :  142
-400.00000   0.00000   0.00000   0.00000 400.00000   0.00000
   0.00000 400.00000   0.00000-400.00000   0.00000   0.00000
 400.00000-400.00000-400.00000   0.00000   0.00000 400.00000
ELEMENT :  143
-400.00000   0.00000   0.00000   0.00000 400.00000   0.00000
   0.00000   0.00000   0.00000-400.00000   0.00000 400.00000
   0.00000-400.00000-400.00000   0.00000 400.00000 400.00000
ELEMENT :  144
   0.00000   0.00000-400.00000   0.00000 400.00000   0.00000
   0.00000 400.00000   0.00000-400.00000   0.00000   0.00000
 400.00000   0.00000-400.00000-400.00000   0.00000 400.00000
ELEMENT :  145
-400.00000   0.00000   0.00000   0.00000 400.00000   0.00000
   0.00000   0.00000   0.00000-400.00000   0.00000 400.00000
   0.00000-400.00000-400.00000   0.00000 400.00000 400.00000
ELEMENT :  146
   0.00000   0.00000-400.00000   0.00000 400.00000   0.00000
   0.00000 400.00000   0.00000-400.00000   0.00000   0.00000
 400.00000   0.00000-400.00000-400.00000   0.00000 400.00000
ELEMENT :  147
-400.00000   0.00000 400.00000   0.00000   0.00000   0.00000
   0.00000   0.00000   0.00000-400.00000   0.00000 400.00000
   0.00000-400.00000-400.00000 400.00000 400.00000   0.00000
ELEMENT :  148
-400.00000   0.00000   0.00000   0.00000 400.00000   0.00000
   0.00000 400.00000   0.00000-400.00000   0.00000   0.00000
 400.00000-400.00000-400.00000   0.00000   0.00000 400.00000
ELEMENT :  149
-400.00000   0.00000   0.00000   0.00000 400.00000   0.00000
   0.00000   0.00000   0.00000-400.00000   0.00000 400.00000
   0.00000-400.00000-400.00000   0.00000 400.00000 400.00000
ELEMENT :  150
   0.00000   0.00000-400.00000   0.00000 400.00000   0.00000
   0.00000 400.00000   0.00000-400.00000   0.00000   0.00000
 400.00000   0.00000-400.00000-400.00000   0.00000 400.00000
ELEMENT :  151
-400.00000   0.00000 400.00000   0.00000   0.00000   0.00000
   0.00000   0.00000   0.00000-400.00000   0.00000 400.00000
   0.00000-400.00000-400.00000 400.00000 400.00000   0.00000
ELEMENT :  152
-400.00000   0.00000   0.00000   0.00000 400.00000   0.00000
   0.00000 400.00000   0.00000-400.00000   0.00000   0.00000
 400.00000-400.00000-400.00000   0.00000   0.00000 400.00000
ELEMENT :  153
-400.00000   0.00000 400.00000   0.00000   0.00000   0.00000
   0.00000   0.00000   0.00000-400.00000   0.00000 400.00000
   0.00000-400.00000-400.00000 400.00000 400.00000   0.00000
ELEMENT :  154
-400.00000   0.00000   0.00000   0.00000 400.00000   0.00000
   0.00000 400.00000   0.00000-400.00000   0.00000   0.00000
 400.00000-400.00000-400.00000   0.00000   0.00000 400.00000
ELEMENT :  155
-400.00000   0.00000   0.00000   0.00000 400.00000   0.00000
   0.00000   0.00000   0.00000-400.00000   0.00000 400.00000
   0.00000-400.00000-400.00000   0.00000 400.00000 400.00000
ELEMENT :  156
   0.00000   0.00000-400.00000   0.00000 400.00000   0.00000
   0.00000 400.00000   0.00000-400.00000   0.00000   0.00000
 400.00000   0.00000-400.00000-400.00000   0.00000 400.00000
ELEMENT :  157
-400.00000   0.00000 400.00000   0.00000   0.00000   0.00000
   0.00000   0.00000   0.00000-400.00000   0.00000 400.00000
   0.00000-400.00000-400.00000 400.00000 400.00000   0.00000
ELEMENT :  158
-400.00000   0.00000   0.00000   0.00000 400.00000   0.00000
   0.00000 400.00000   0.00000-400.00000   0.00000   0.00000
 400.00000-400.00000-400.00000   0.00000   0.00000 400.00000
ELEMENT :  159
-400.00000   0.00000   0.00000   0.00000 400.00000   0.00000
   0.00000   0.00000   0.00000-400.00000   0.00000 400.00000
   0.00000-400.00000-400.00000   0.00000 400.00000 400.00000
ELEMENT :  160
   0.00000   0.00000-400.00000   0.00000 400.00000   0.00000
   0.00000 400.00000   0.00000-400.00000   0.00000   0.00000
 400.00000   0.00000-400.00000-400.00000   0.00000 400.00000
ELEMENT :  161
-400.00000   0.00000   0.00000   0.00000 400.00000   0.00000
   0.00000   0.00000   0.00000-400.00000   0.00000 400.00000
   0.00000-400.00000-400.00000   0.00000 400.00000 400.00000
ELEMENT :  162
   0.00000   0.00000-400.00000   0.00000 400.00000   0.00000
   0.00000 400.00000   0.00000-400.00000   0.00000   0.00000
 400.00000   0.00000-400.00000-400.00000   0.00000 400.00000
ELEMENT :  163
-400.00000   0.00000 400.00000   0.00000   0.00000   0.00000
   0.00000   0.00000   0.00000-400.00000   0.00000 400.00000
   0.00000-400.00000-400.00000 400.00000 400.00000   0.00000
ELEMENT :  164
-400.00000   0.00000   0.00000   0.00000 400.00000   0.00000
   0.00000 400.00000   0.00000-400.00000   0.00000   0.00000
 400.00000-400.00000-400.00000   0.00000   0.00000 400.00000
ELEMENT :  165
-400.00000   0.00000   0.00000   0.00000 400.00000   0.00000
   0.00000   0.00000   0.00000-400.00000   0.00000 400.00000
   0.00000-400.00000-400.00000   0.00000 400.00000 400.00000
ELEMENT :  166
   0.00000   0.00000-400.00000   0.00000 400.00000   0.00000
   0.00000 400.00000   0.00000-400.00000   0.00000   0.00000
 400.00000   0.00000-400.00000-400.00000   0.00000 400.00000
ELEMENT :  167
-400.00000   0.00000 400.00000   0.00000   0.00000   0.00000
   0.00000   0.00000   0.00000-400.00000   0.00000 400.00000
   0.00000-400.00000-400.00000 400.00000 400.00000   0.00000
ELEMENT :  168
-400.00000   0.00000   0.00000   0.00000 400.00000   0.00000
   0.00000 400.00000   0.00000-400.00000   0.00000   0.00000
 400.00000-400.00000-400.00000   0.00000   0.00000 400.00000
ELEMENT :  169
-400.00000   0.00000 400.00000   0.00000   0.00000   0.00000
   0.00000   0.00000   0.00000-400.00000   0.00000 400.00000
   0.00000-400.00000-400.00000 400.00000 400.00000   0.00000
ELEMENT :  170
-400.00000   0.00000   0.00000   0.00000 400.00000   0.00000
   0.00000 400.00000   0.00000-400.00000   0.00000   0.00000
 400.00000-400.00000-400.00000   0.00000   0.00000 400.00000
ELEMENT :  171
-400.00000   0.00000   0.00000   0.00000 400.00000   0.00000
   0.00000   0.00000   0.00000-400.00000   0.00000 400.00000
   0.00000-400.00000-400.00000   0.00000 400.00000 400.00000
ELEMENT :  172
   0.00000   0.00000-400.00000   0.00000 400.00000   0.00000
   0.00000 400.00000   0.00000-400.00000   0.00000   0.00000
 400.00000   0.00000-400.00000-400.00000   0.00000 400.00000
ELEMENT :  173
-400.00000   0.00000 400.00000   0.00000   0.00000   0.00000
   0.00000   0.00000   0.00000-400.00000   0.00000 400.00000
   0.00000-400.00000-400.00000 400.00000 400.00000   0.00000
ELEMENT :  174
-400.00000   0.00000   0.00000   0.00000 400.00000   0.00000
   0.00000 400.00000   0.00000-400.00000   0.00000   0.00000
 400.00000-400.00000-400.00000   0.00000   0.00000 400.00000
ELEMENT :  175
-400.00000   0.00000   0.00000   0.00000 400.00000   0.00000
   0.00000   0.00000   0.00000-400.00000   0.00000 400.00000
   0.00000-400.00000-400.00000   0.00000 400.00000 400.00000
ELEMENT :  176
   0.00000   0.00000-400.00000   0.00000 400.00000   0.00000
   0.00000 400.00000   0.00000-400.00000   0.00000   0.00000
 400.00000   0.00000-400.00000-400.00000   0.00000 400.00000
ELEMENT :  177
-400.00000   0.00000   0.00000   0.00000 400.00000   0.00000
   0.00000   0.00000   0.00000-400.00000   0.00000 400.00000
   0.00000-400.00000-400.00000   0.00000 400.00000 400.00000
ELEMENT :  178
   0.00000   0.00000-400.00000   0.00000 400.00000   0.00000
   0.00000 400.00000   0.00000-400.00000   0.00000   0.00000
 400.00000   0.00000-400.00000-400.00000   0.00000 400.00000
ELEMENT :  179
-400.00000   0.00000 400.00000   0.00000   0.00000   0.00000
   0.00000   0.00000   0.00000-400.00000   0.00000 400.00000
   0.00000-400.00000-400.00000 400.00000 400.00000   0.00000
ELEMENT :  180
-400.00000   0.00000   0.00000   0.00000 400.00000   0.00000
   0.00000 400.00000   0.00000-400.00000   0.00000   0.00000
 400.00000-400.00000-400.00000   0.00000   0.00000 400.00000
ELEMENT :  181
-400.00000   0.00000   0.00000   0.00000 400.00000   0.00000
   0.00000   0.00000   0.00000-400.00000   0.00000 400.00000
   0.00000-400.00000-400.00000   0.00000 400.00000 400.00000
ELEMENT :  182
   0.00000   0.00000-400.00000   0.00000 400.00000   0.00000
   0.00000 400.00000   0.00000-400.00000   0.00000   0.00000
 400.00000   0.00000-400.00000-400.00000   0.00000 400.00000
ELEMENT :  183
-400.00000   0.00000 400.00000   0.00000   0.00000   0.00000
   0.00000   0.00000   0.00000-400.00000   0.00000 400.00000
   0.00000-400.00000-400.00000 400.00000 400.00000   0.00000
ELEMENT :  184
-400.00000   0.00000   0.00000   0.00000 400.00000   0.00000
   0.00000 400.00000   0.00000-400.00000   0.00000   0.00000
 400.00000-400.00000-400.00000   0.00000   0.00000 400.00000
ELEMENT :  185
-400.00000   0.00000 400.00000   0.00000   0.00000   0.00000
   0.00000   0.00000   0.00000-400.00000   0.00000 400.00000
   0.00000-400.00000-400.00000 400.00000 400.00000   0.00000
ELEMENT :  186
-400.00000   0.00000   0.00000   0.00000 400.00000   0.00000
   0.00000 400.00000   0.00000-400.00000   0.00000   0.00000
 400.00000-400.00000-400.00000   0.00000   0.00000 400.00000
ELEMENT :  187
-400.00000   0.00000   0.00000   0.00000 400.00000   0.00000
   0.00000   0.00000   0.00000-400.00000   0.00000 400.00000
   0.00000-400.00000-400.00000   0.00000 400.00000 400.00000
ELEMENT :  188
   0.00000   0.00000-400.00000   0.00000 400.00000   0.00000
   0.00000 400.00000   0.00000-400.00000   0.00000   0.00000
 400.00000   0.00000-400.00000-400.00000   0.00000 400.00000
ELEMENT :  189
-400.00000   0.00000 400.00000   0.00000   0.00000   0.00000
   0.00000   0.00000   0.00000-400.00000   0.00000 400.00000
   0.00000-400.00000-400.00000 400.00000 400.00000   0.00000
ELEMENT :  190
-400.00000   0.00000   0.00000   0.00000 400.00000   0.00000
   0.00000 400.00000   0.00000-400.00000   0.00000   0.00000
 400.00000-400.00000-400.00000   0.00000   0.00000 400.00000
ELEMENT :  191
-400.00000   0.00000   0.00000   0.00000 400.00000   0.00000
   0.00000   0.00000   0.00000-400.00000   0.00000 400.00000
   0.00000-400.00000-400.00000   0.00000 400.00000 400.00000
ELEMENT :  192
   0.00000   0.00000-400.00000   0.00000 400.00000   0.00000
   0.00000 400.00000   0.00000-400.00000   0.00000   0.00000
 400.00000   0.00000-400.00000-400.00000   0.00000 400.00000
ELEMENT :  193
-400.00000   0.00000   0.00000   0.00000 400.00000   0.00000
   0.00000   0.00000   0.00000-400.00000   0.00000 400.00000
   0.00000-400.00000-400.00000   0.00000 400.00000 400.00000
ELEMENT :  194
   0.00000   0.00000-400.00000   0.00000 400.00000   0.00000
   0.00000 400.00000   0.00000-400.00000   0.00000   0.00000
 400.00000   0.00000-400.00000-400.00000   0.00000 400.00000
ELEMENT :  195
-400.00000   0.00000 400.00000   0.00000   0.00000   0.00000
   0.00000   0.00000   0.00000-400.00000   0.00000 400.00000
   0.00000-400.00000-400.00000 400.00000 400.00000   0.00000
ELEMENT :  196
-400.00000   0.00000   0.00000   0.00000 400.00000   0.00000
   0.00000 400.00000   0.00000-400.00000   0.00000   0.00000
 400.00000-400.00000-400.00000   0.00000   0.00000 400.00000
ELEMENT :  197
-400.00000   0.00000   0.00000   0.00000 400.00000   0.00000
   0.00000   0.00000   0.00000-400.00000   0.00000 400.00000
   0.00000-400.00000-400.00000   0.00000 400.00000 400.00000
ELEMENT :  198
   0.00000   0.00000-400.00000   0.00000 400.00000   0.00000
   0.00000 400.00000   0.00000-400.00000   0.00000   0.00000
 400.00000   0.00000-400.00000-400.00000   0.00000 400.00000
ELEMENT :  199
-400.00000   0.00000 400.00000   0.00000   0.00000   0.00000
   0.00000   0.00000   0.00000-400.00000   0.00000 400.00000
   0.00000-400.00000-400.00000 400.00000 400.00000   0.00000
ELEMENT :  200
-400.00000   0.00000   0.00000   0.00000 400.00000   0.00000
   0.00000 400.00000   0.00000-400.00000   0.00000   0.00000
 400.00000-400.00000-400.00000   0.00000   0.00000 400.00000
ELEMENT :  201
-400.00000   0.00000 400.00000   0.00000   0.00000   0.00000
   0.00000   0.00000   0.00000-400.00000   0.00000 400.00000
   0.00000-400.00000-400.00000 400.00000 400.00000   0.00000
ELEMENT :  202
-400.00000   0.00000   0.00000   0.00000 400.00000   0.00000
   0.00000 400.00000   0.00000-400.00000   0.00000   0.00000
 400.00000-400.00000-400.00000   0.00000   0.00000 400.00000
ELEMENT :  203
-400.00000   0.00000   0.00000   0.00000 400.00000   0.00000
   0.00000   0.00000   0.00000-400.00000   0.00000 400.00000
   0.00000-400.00000-400.00000   0.00000 400.00000 400.00000
ELEMENT :  204
   0.00000   0.00000-400.00000   0.00000 400.00000   0.00000
   0.00000 400.00000   0.00000-400.00000   0.00000   0.00000
 400.00000   0.00000-400.00000-400.00000   0.00000 400.00000
ELEMENT :  205
-400.00000   0.00000 400.00000   0.00000   0.00000   0.00000
   0.00000   0.00000   0.00000-400.00000   0.00000 400.00000
   0.00000-400.00000-400.00000 400.00000 400.00000   0.00000
ELEMENT :  206
-400.00000   0.00000   0.00000   0.00000 400.00000   0.00000
   0.00000 400.00000   0.00000-400.00000   0.00000   0.00000
 400.00000-400.00000-400.00000   0.00000   0.00000 400.00000
ELEMENT :  207
-400.00000   0.00000   0.00000   0.00000 400.00000   0.00000
   0.00000   0.00000   0.00000-400.00000   0.00000 400.00000
   0.00000-400.00000-400.00000   0.00000 400.00000 400.00000
ELEMENT :  208
   0.00000   0.00000-400.00000   0.00000 400.00000   0.00000
   0.00000 400.00000   0.00000-400.00000   0.00000   0.00000
 400.00000   0.00000-400.00000-400.00000   0.00000 400.00000
ELEMENT :  209
-400.00000   0.00000   0.00000   0.00000 400.00000   0.00000
   0.00000   0.00000   0.00000-400.00000   0.00000 400.00000
   0.00000-400.00000-400.00000   0.00000 400.00000 400.00000
ELEMENT :  210
   0.00000   0.00000-400.00000   0.00000 400.00000   0.00000
   0.00000 400.00000   0.00000-400.00000   0.00000   0.00000
 400.00000   0.00000-400.00000-400.00000   0.00000 400.00000
ELEMENT :  211
-400.00000   0.00000 400.00000   0.00000   0.00000   0.00000
   0.00000   0.00000   0.00000-400.00000   0.00000 400.00000
   0.00000-400.00000-400.00000 400.00000 400.00000   0.00000
ELEMENT :  212
-400.00000   0.00000   0.00000   0.00000 400.00000   0.00000
   0.00000 400.00000   0.00000-400.00000   0.00000   0.00000
 400.00000-400.00000-400.00000   0.00000   0.00000 400.00000
ELEMENT :  213
-400.00000   0.00000   0.00000   0.00000 400.00000   0.00000
   0.00000   0.00000   0.00000-400.00000   0.00000 400.00000
   0.00000-400.00000-400.00000   0.00000 400.00000 400.00000
ELEMENT :  214
   0.00000   0.00000-400.00000   0.00000 400.00000   0.00000
   0.00000 400.00000   0.00000-400.00000   0.00000   0.00000
 400.00000   0.00000-400.00000-400.00000   0.00000 400.00000
ELEMENT :  215
-400.00000   0.00000 400.00000   0.00000   0.00000   0.00000
   0.00000   0.00000   0.00000-400.00000   0.00000 400.00000
   0.00000-400.00000-400.00000 400.00000 400.00000   0.00000
ELEMENT :  216
-400.00000   0.00000   0.00000   0.00000 400.00000   0.00000
   0.00000 400.00000   0.00000-400.00000   0.00000   0.00000
 400.00000-400.00000-400.00000   0.00000   0.00000 400.00000
ELEMENT :  217
-400.00000   0.00000 400.00000   0.00000   0.00000   0.00000
   0.00000   0.00000   0.00000-400.00000   0.00000 400.00000
   0.00000-400.00000-400.00000 400.00000 400.00000   0.00000
ELEMENT :  218
-400.00000   0.00000   0.00000   0.00000 400.00000   0.00000
   0.00000 400.00000   0.00000-400.00000   0.00000   0.00000
 400.00000-400.00000-400.00000   0.00000   0.00000 400.00000
ELEMENT :  219
-400.00000   0.00000   0.00000   0.00000 400.00000   0.00000
   0.00000   0.00000   0.00000-400.00000   0.00000 400.00000
   0.00000-400.00000-400.00000   0.00000 400.00000 400.00000
ELEMENT :  220
   0.00000   0.00000-400.00000   0.00000 400.00000   0.00000
   0.00000 400.00000   0.00000-400.00000   0.00000   0.00000
 400.00000   0.00000-400.00000-400.00000   0.00000 400.00000
ELEMENT :  221
-400.00000   0.00000 400.00000   0.00000   0.00000   0.00000
   0.00000   0.00000   0.00000-400.00000   0.00000 400.00000
   0.00000-400.00000-400.00000 400.00000 400.00000   0.00000
ELEMENT :  222
-400.00000   0.00000   0.00000   0.00000 400.00000   0.00000
   0.00000 400.00000   0.00000-400.00000   0.00000   0.00000
 400.00000-400.00000-400.00000   0.00000   0.00000 400.00000
ELEMENT :  223
-400.00000   0.00000   0.00000   0.00000 400.00000   0.00000
   0.00000   0.00000   0.00000-400.00000   0.00000 400.00000
   0.00000-400.00000-400.00000   0.00000 400.00000 400.00000
ELEMENT :  224
   0.00000   0.00000-400.00000   0.00000 400.00000   0.00000
   0.00000 400.00000   0.00000-400.00000   0.00000   0.00000
 400.00000   0.00000-400.00000-400.00000   0.00000 400.00000
ELEMENT :  225
-400.00000   0.00000   0.00000   0.00000 400.00000   0.00000
   0.00000   0.00000   0.00000-400.00000   0.00000 400.00000
   0.00000-400.00000-400.00000   0.00000 400.00000 400.00000
ELEMENT :  226
   0.00000   0.00000-400.00000   0.00000 400.00000   0.00000
   0.00000 400.00000   0.00000-400.00000   0.00000   0.00000
 400.00000   0.00000-400.00000-400.00000   0.00000 400.00000
ELEMENT :  227
-400.00000   0.00000 400.00000   0.00000   0.00000   0.00000
   0.00000   0.00000   0.00000-400.00000   0.00000 400.00000
   0.00000-400.00000-400.00000 400.00000 400.00000   0.00000
ELEMENT :  228
-400.00000   0.00000   0.00000   0.00000 400.00000   0.00000
   0.00000 400.00000   0.00000-400.00000   0.00000   0.00000
 400.00000-400.00000-400.00000   0.00000   0.00000 400.00000
ELEMENT :  229
-400.00000   0.00000   0.00000   0.00000 400.00000   0.00000
   0.00000   0.00000   0.00000-400.00000   0.00000 400.00000
   0.00000-400.00000-400.00000   0.00000 400.00000 400.00000
ELEMENT :  230
   0.00000   0.00000-400.00000   0.00000 400.00000   0.00000
   0.00000 400.00000   0.00000-400.00000   0.00000   0.00000
 400.00000   0.00000-400.00000-400.00000   0.00000 400.00000
ELEMENT :  231
-400.00000   0.00000 400.00000   0.00000   0.00000   0.00000
   0.00000   0.00000   0.00000-400.00000   0.00000 400.00000
   0.00000-400.00000-400.00000 400.00000 400.00000   0.00000
ELEMENT :  232
-400.00000   0.00000   0.00000   0.00000 400.00000   0.00000
   0.00000 400.00000   0.00000-400.00000   0.00000   0.00000
 400.00000-400.00000-400.00000   0.00000   0.00000 400.00000
ELEMENT :  233
-400.00000   0.00000 400.00000   0.00000   0.00000   0.00000
   0.00000   0.00000   0.00000-400.00000   0.00000 400.00000
   0.00000-400.00000-400.00000 400.00000 400.00000   0.00000
ELEMENT :  234
-400.00000   0.00000   0.00000   0.00000 400.00000   0.00000
   0.00000 400.00000   0.00000-400.00000   0.00000   0.00000
 400.00000-400.00000-400.00000   0.00000   0.00000 400.00000
ELEMENT :  235
-400.00000   0.00000   0.00000   0.00000 400.00000   0.00000
   0.00000   0.00000   0.00000-400.00000   0.00000 400.00000
   0.00000-400.00000-400.00000   0.00000 400.00000 400.00000
ELEMENT :  236
   0.00000   0.00000-400.00000   0.00000 400.00000   0.00000
   0.00000 400.00000   0.00000-400.00000   0.00000   0.00000
 400.00000   0.00000-400.00000-400.00000   0.00000 400.00000
ELEMENT :  237
-400.00000   0.00000 400.00000   0.00000   0.00000   0.00000
   0.00000   0.00000   0.00000-400.00000   0.00000 400.00000
   0.00000-400.00000-400.00000 400.00000 400.00000   0.00000
ELEMENT :  238
-400.00000   0.00000   0.00000   0.00000 400.00000   0.00000
   0.00000 400.00000   0.00000-400.00000   0.00000   0.00000
 400.00000-400.00000-400.00000   0.00000   0.00000 400.00000
ELEMENT :  239
-400.00000   0.00000   0.00000   0.00000 400.00000   0.00000
   0.00000   0.00000   0.00000-400.00000   0.00000 400.00000
   0.00000-400.00000-400.00000   0.00000 400.00000 400.00000
ELEMENT :  240
   0.00000   0.00000-400.00000   0.00000 400.00000   0.00000
   0.00000 400.00000   0.00000-400.00000   0.00000   0.00000
 400.00000   0.00000-400.00000-400.00000   0.00000 400.00000
ELEMENT :  241
-400.00000   0.00000   0.00000   0.00000 400.00000   0.00000
   0.00000   0.00000   0.00000-400.00000   0.00000 400.00000
   0.00000-400.00000-400.00000   0.00000 400.00000 400.00000
ELEMENT :  242
   0.00000   0.00000-400.00000   0.00000 400.00000   0.00000
   0.00000 400.00000   0.00000-400.00000   0.00000   0.00000
 400.00000   0.00000-400.00000-400.00000   0.00000 400.00000
ELEMENT :  243
-400.00000   0.00000 400.00000   0.00000   0.00000   0.00000
   0.00000   0.00000   0.00000-400.00000   0.00000 400.00000
   0.00000-400.00000-400.00000 400.00000 400.00000   0.00000
ELEMENT :  244
-400.00000   0.00000   0.00000   0.00000 400.00000   0.00000
   0.00000 400.00000   0.00000-400.00000   0.00000   0.00000
 400.00000-400.00000-400.00000   0.00000   0.00000 400.00000
ELEMENT :  245
-400.00000   0.00000   0.00000   0.00000 400.00000   0.00000
   0.00000   0.00000   0.00000-400.00000   0.00000 400.00000
   0.00000-400.00000-400.00000   0.00000 400.00000 400.00000
ELEMENT :  246
   0.00000   0.00000-400.00000   0.00000 400.00000   0.00000
   0.00000 400.00000   0.00000-400.00000   0.00000   0.00000
 400.00000   0.00000-400.00000-400.00000   0.00000 400.00000
ELEMENT :  247
-400.00000   0.00000 400.00000   0.00000   0.00000   0.00000
   0.00000   0.00000   0.00000-400.00000   0.00000 400.00000
   0.00000-400.00000-400.00000 400.00000 400.00000   0.00000
ELEMENT :  248
-400.00000   0.00000   0.00000   0.00000 400.00000   0.00000
   0.00000 400.00000   0.00000-400.00000   0.00000   0.00000
 400.00000-400.00000-400.00000   0.00000   0.00000 400.00000
ELEMENT :  249
-400.00000   0.00000 400.00000   0.00000   0.00000   0.00000
   0.00000   0.00000   0.00000-400.00000   0.00000 400.00000
   0.00000-400.00000-400.00000 400.00000 400.00000   0.00000
ELEMENT :  250
-400.00000   0.00000   0.00000   0.00000 400.00000   0.00000
   0.00000 400.00000   0.00000-400.00000   0.00000   0.00000
 400.00000-400.00000-400.00000   0.00000   0.00000 400.00000
ELEMENT :  251
-400.00000   0.00000   0.00000   0.00000 400.00000   0.00000
   0.00000   0.00000   0.00000-400.00000   0.00000 400.00000
   0.00000-400.00000-400.00000   0.00000 400.00000 400.00000
ELEMENT :  252
   0.00000   0.00000-400.00000   0.00000 400.00000   0.00000
   0.00000 400.00000   0.00000-400.00000   0.00000   0.00000
 400.00000   0.00000-400.00000-400.00000   0.00000 400.00000
ELEMENT :  253
-400.00000   0.00000 400.00000   0.00000   0.00000   0.00000
   0.00000   0.00000   0.00000-400.00000   0.00000 400.00000
   0.00000-400.00000-400.00000 400.00000 400.00000   0.00000
ELEMENT :  254
-400.00000   0.00000   0.00000   0.00000 400.00000   0.00000
   0.00000 400.00000   0.00000-400.00000   0.00000   0.00000
 400.00000-400.00000-400.00000   0.00000   0.00000 400.00000
ELEMENT :  255
-400.00000   0.00000   0.00000   0.00000 400.00000   0.00000
   0.00000   0.00000   0.00000-400.00000   0.00000 400.00000
   0.00000-400.00000-400.00000   0.00000 400.00000 400.00000
ELEMENT :  256
   0.00000   0.00000-400.00000   0.00000 400.00000   0.00000
   0.00000 400.00000   0.00000-400.00000   0.00000   0.00000
 400.00000   0.00000-400.00000-400.00000   0.00000 400.00000
ELEMENT :  257
-400.00000   0.00000   0.00000   0.00000 400.00000   0.00000
   0.00000   0.00000   0.00000-400.00000   0.00000 400.00000
   0.00000-400.00000-400.00000   0.00000 400.00000 400.00000
ELEMENT :  258
   0.00000   0.00000-400.00000   0.00000 400.00000   0.00000
   0.00000 400.00000   0.00000-400.00000   0.00000   0.00000
 400.00000   0.00000-400.00000-400.00000   0.00000 400.00000
ELEMENT :  259
-400.00000   0.00000 400.00000   0.00000   0.00000   0.00000
   0.00000   0.00000   0.00000-400.00000   0.00000 400.00000
   0.00000-400.00000-400.00000 400.00000 400.00000   0.00000
ELEMENT :  260
-400.00000   0.00000   0.00000   0.00000 400.00000   0.00000
   0.00000 400.00000   0.00000-400.00000   0.00000   0.00000
 400.00000-400.00000-400.00000   0.00000   0.00000 400.00000
ELEMENT :  261
-400.00000   0.00000   0.00000   0.00000 400.00000   0.00000
   0.00000   0.00000   0.00000-400.00000   0.00000 400.00000
   0.00000-400.00000-400.00000   0.00000 400.00000 400.00000
ELEMENT :  262
   0.00000   0.00000-400.00000   0.00000 400.00000   0.00000
   0.00000 400.00000   0.00000-400.00000   0.00000   0.00000
 400.00000   0.00000-400.00000-400.00000   0.00000 400.00000
ELEMENT :  263
-400.00000   0.00000 400.00000   0.00000   0.00000   0.00000
   0.00000   0.00000   0.00000-400.00000   0.00000 400.00000
   0.00000-400.00000-400.00000 400.00000 400.00000   0.00000
ELEMENT :  264
-400.00000   0.00000   0.00000   0.00000 400.00000   0.00000
   0.00000 400.00000   0.00000-400.00000   0.00000   0.00000
 400.00000-400.00000-400.00000   0.00000   0.00000 400.00000
ELEMENT :  265
-400.00000   0.00000 400.00000   0.00000   0.00000   0.00000
   0.00000   0.00000   0.00000-400.00000   0.00000 400.00000
   0.00000-400.00000-400.00000 400.00000 400.00000   0.00000
ELEMENT :  266
-400.00000   0.00000   0.00000   0.00000 400.00000   0.00000
   0.00000 400.00000   0.00000-400.00000   0.00000   0.00000
 400.00000-400.00000-400.00000   0.00000   0.00000 400.00000
ELEMENT :  267
-400.00000   0.00000   0.00000   0.00000 400.00000   0.00000
   0.00000   0.00000   0.00000-400.00000   0.00000 400.00000
   0.00000-400.00000-400.00000   0.00000 400.00000 400.00000
ELEMENT :  268
   0.00000   0.00000-400.00000   0.00000 400.00000   0.00000
   0.00000 400.00000   0.00000-400.00000   0.00000   0.00000
 400.00000   0.00000-400.00000-400.00000   0.00000 400.00000
ELEMENT :  269
-400.00000   0.00000 400.00000   0.00000   0.00000   0.00000
   0.00000   0.00000   0.00000-400.00000   0.00000 400.00000
   0.00000-400.00000-400.00000 400.00000 400.00000   0.00000
ELEMENT :  270
-400.00000   0.00000   0.00000   0.00000 400.00000   0.00000
   0.00000 400.00000   0.00000-400.00000   0.00000   0.00000
 400.00000-400.00000-400.00000   0.00000   0.00000 400.00000
ELEMENT :  271
-400.00000   0.00000   0.00000   0.00000 400.00000   0.00000
   0.00000   0.00000   0.00000-400.00000   0.00000 400.00000
   0.00000-400.00000-400.00000   0.00000 400.00000 400.00000
ELEMENT :  272
   0.00000   0.00000-400.00000   0.00000 400.00000   0.00000
   0.00000 400.00000   0.00000-400.00000   0.00000   0.00000
 400.00000   0.00000-400.00000-400.00000   0.00000 400.00000
ELEMENT :  273
-400.00000   0.00000   0.00000   0.00000 400.00000   0.00000
   0.00000   0.00000   0.00000-400.00000   0.00000 400.00000
   0.00000-400.00000-400.00000   0.00000 400.00000 400.00000
ELEMENT :  274
   0.00000   0.00000-400.00000   0.00000 400.00000   0.00000
   0.00000 400.00000   0.00000-400.00000   0.00000   0.00000
 400.00000   0.00000-400.00000-400.00000   0.00000 400.00000
ELEMENT :  275
-400.00000   0.00000 400.00000   0.00000   0.00000   0.00000
   0.00000   0.00000   0.00000-400.00000   0.00000 400.00000
   0.00000-400.00000-400.00000 400.00000 400.00000   0.00000
ELEMENT :  276
-400.00000   0.00000   0.00000   0.00000 400.00000   0.00000
   0.00000 400.00000   0.00000-400.00000   0.00000   0.00000
 400.00000-400.00000-400.00000   0.00000   0.00000 400.00000
ELEMENT :  277
-400.00000   0.00000   0.00000   0.00000 400.00000   0.00000
   0.00000   0.00000   0.00000-400.00000   0.00000 400.00000
   0.00000-400.00000-400.00000   0.00000 400.00000 400.00000
ELEMENT :  278
   0.00000   0.00000-400.00000   0.00000 400.00000   0.00000
   0.00000 400.00000   0.00000-400.00000   0.00000   0.00000
 400.00000   0.00000-400.00000-400.00000   0.00000 400.00000
ELEMENT :  279
-400.00000   0.00000 400.00000   0.00000   0.00000   0.00000
   0.00000   0.00000   0.00000-400.00000   0.00000 400.00000
   0.00000-400.00000-400.00000 400.00000 400.00000   0.00000
ELEMENT :  280
-400.00000   0.00000   0.00000   0.00000 400.00000   0.00000
   0.00000 400.00000   0.00000-400.00000   0.00000   0.00000
 400.00000-400.00000-400.00000   0.00000   0.00000 400.00000
ELEMENT :  281
-400.00000   0.00000 400.00000   0.00000   0.00000   0.00000
   0.00000   0.00000   0.00000-400.00000   0.00000 400.00000
   0.00000-400.00000-400.00000 400.00000 400.00000   0.00000
ELEMENT :  282
-400.00000   0.00000   0.00000   0.00000 400.00000   0.00000
   0.00000 400.00000   0.00000-400.00000   0.00000   0.00000
 400.00000-400.00000-400.00000   0.00000   0.00000 400.00000
ELEMENT :  283
-400.00000   0.00000   0.00000   0.00000 400.00000   0.00000
   0.00000   0.00000   0.00000-400.00000   0.00000 400.00000
   0.00000-400.00000-400.00000   0.00000 400.00000 400.00000
ELEMENT :  284
   0.00000   0.00000-400.00000   0.00000 400.00000   0.00000
   0.00000 400.00000   0.00000-400.00000   0.00000   0.00000
 400.00000   0.00000-400.00000-400.00000   0.00000 400.00000
ELEMENT :  285
-400.00000   0.00000 400.00000   0.00000   0.00000   0.00000
   0.00000   0.00000   0.00000-400.00000   0.00000 400.00000
   0.00000-400.00000-400.00000 400.00000 400.00000   0.00000
ELEMENT :  286
-400.00000   0.00000   0.00000   0.00000 400.00000   0.00000
   0.00000 400.00000   0.00000-400.00000   0.00000   0.00000
 400.00000-400.00000-400.00000   0.00000   0.00000 400.00000
ELEMENT :  287
-400.00000   0.00000   0.00000   0.00000 400.00000   0.00000
   0.00000   0.00000   0.00000-400.00000   0.00000 400.00000
   0.00000-400.00000-400.00000   0.00000 400.00000 400.00000
ELEMENT :  288
   0.00000   0.00000-400.00000   0.00000 400.00000   0.00000
   0.00000 400.00000   0.00000-400.00000   0.00000   0.00000
 400.00000   0.00000-400.00000-400.00000   0.00000 400.00000
ELEMENT :  289
-400.00000   0.00000   0.00000   0.00000 400.00000   0.00000
   0.00000   0.00000   0.00000-400.00000   0.00000 400.00000
   0.00000-400.00000-400.00000   0.00000 400.00000 400.00000
ELEMENT :  290
   0.00000   0.00000-400.00000   0.00000 400.00000   0.00000
   0.00000 400.00000   0.00000-400.00000   0.00000   0.00000
 400.00000   0.00000-400.00000-400.00000   0.00000 400.00000
ELEMENT :  291
-400.00000   0.00000 400.00000   0.00000   0.00000   0.00000
   0.00000   0.00000   0.00000-400.00000   0.00000 400.00000
   0.00000-400.00000-400.00000 400.00000 400.00000   0.00000
ELEMENT :  292
-400.00000   0.00000   0.00000   0.00000 400.00000   0.00000
   0.00000 400.00000   0.00000-400.00000   0.00000   0.00000
 400.00000-400.00000-400.00000   0.00000   0.00000 400.00000
ELEMENT :  293
-400.00000   0.00000   0.00000   0.00000 400.00000   0.00000
   0.00000   0.00000   0.00000-400.00000   0.00000 400.00000
   0.00000-400.00000-400.00000   0.00000 400.00000 400.00000
ELEMENT :  294
   0.00000   0.00000-400.00000   0.00000 400.00000   0.00000
   0.00000 400.00000   0.00000-400.00000   0.00000   0.00000
 400.00000   0.00000-400.00000-400.00000   0.00000 400.00000
ELEMENT :  295
-400.00000   0.00000 400.00000   0.00000   0.00000   0.00000
   0.00000   0.00000   0.00000-400.00000   0.00000 400.00000
   0.00000-400.00000-400.00000 400.00000 400.00000   0.00000
ELEMENT :  296
-400.00000   0.00000   0.00000   0.00000 400.00000   0.00000
   0.00000 400.00000   0.00000-400.00000   0.00000   0.00000
 400.00000-400.00000-400.00000   0.00000   0.00000 400.00000
ELEMENT :  297
-400.00000   0.00000 400.00000   0.00000   0.00000   0.00000
   0.00000   0.00000   0.00000-400.00000   0.00000 400.00000
   0.00000-400.00000-400.00000 400.00000 400.00000   0.00000
ELEMENT :  298
-400.00000   0.00000   0.00000   0.00000 400.00000   0.00000
   0.00000 400.00000   0.00000-400.00000   0.00000   0.00000
 400.00000-400.00000-400.00000   0.00000   0.00000 400.00000
ELEMENT :  299
-400.00000   0.00000   0.00000   0.00000 400.00000   0.00000
   0.00000   0.00000   0.00000-400.00000   0.00000 400.00000
   0.00000-400.00000-400.00000   0.00000 400.00000 400.00000
ELEMENT :  300
   0.00000   0.00000-400.00000   0.00000 400.00000   0.00000
   0.00000 400.00000   0.00000-400.00000   0.00000   0.00000
 400.00000   0.00000-400.00000-400.00000   0.00000 400.00000
ELEMENT :  301
-400.00000   0.00000 400.00000   0.00000   0.00000   0.00000
   0.00000   0.00000   0.00000-400.00000   0.00000 400.00000
   0.00000-400.00000-400.00000 400.00000 400.00000   0.00000
ELEMENT :  302
-400.00000   0.00000   0.00000   0.00000 400.00000   0.00000
   0.00000 400.00000   0.00000-400.00000   0.00000   0.00000
 400.00000-400.00000-400.00000   0.00000   0.00000 400.00000
ELEMENT :  303
-400.00000   0.00000   0.00000   0.00000 400.00000   0.00000
   0.00000   0.00000   0.00000-400.00000   0.00000 400.00000
   0.00000-400.00000-400.00000   0.00000 400.00000 400.00000
ELEMENT :  304
   0.00000   0.00000-400.00000   0.00000 400.00000   0.00000
   0.00000 400.00000   0.00000-400.00000   0.00000   0.00000
 400.00000   0.00000-400.00000-400.00000   0.00000 400.00000
ELEMENT :  305
-400.00000   0.00000   0.00000   0.00000 400.00000   0.00000
   0.00000   0.00000   0.00000-400.00000   0.00000 400.00000
   0.00000-400.00000-400.00000   0.00000 400.00000 400.00000
ELEMENT :  306
   0.00000   0.00000-400.00000   0.00000 400.00000   0.00000
   0.00000 400.00000   0.00000-400.00000   0.00000   0.00000
 400.00000   0.00000-400.00000-400.00000   0.00000 400.00000
ELEMENT :  307
-400.00000   0.00000 400.00000   0.00000   0.00000   0.00000
   0.00000   0.00000   0.00000-400.00000   0.00000 400.00000
   0.00000-400.00000-400.00000 400.00000 400.00000   0.00000
ELEMENT :  308
-400.00000   0.00000   0.00000   0.00000 400.00000   0.00000
   0.00000 400.00000   0.00000-400.00000   0.00000   0.00000
 400.00000-400.00000-400.00000   0.00000   0.00000 400.00000
ELEMENT :  309
-400.00000   0.00000   0.00000   0.00000 400.00000   0.00000
   0.00000   0.00000   0.00000-400.00000   0.00000 400.00000
   0.00000-400.00000-400.00000   0.00000 400.00000 400.00000
ELEMENT :  310
   0.00000   0.00000-400.00000   0.00000 400.00000   0.00000
   0.00000 400.00000   0.00000-400.00000   0.00000   0.00000
 400.00000   0.00000-400.00000-400.00000   0.00000 400.00000
ELEMENT :  311
-400.00000   0.00000 400.00000   0.00000   0.00000   0.00000
   0.00000   0.00000   0.00000-400.00000   0.00000 400.00000
   0.00000-400.00000-400.00000 400.00000 400.00000   0.00000
ELEMENT :  312
-400.00000   0.00000   0.00000   0.00000 400.00000   0.00000
   0.00000 400.00000   0.00000-400.00000   0.00000   0.00000
 400.00000-400.00000-400.00000   0.00000   0.00000 400.00000
ELEMENT :  313
-400.00000   0.00000 400.00000   0.00000   0.00000   0.00000
   0.00000   0.00000   0.00000-400.00000   0.00000 400.00000
   0.00000-400.00000-400.00000 400.00000 400.00000   0.00000
ELEMENT :  314
-400.00000   0.00000   0.00000   0.00000 400.00000   0.00000
   0.00000 400.00000   0.00000-400.00000   0.00000   0.00000
 400.00000-400.00000-400.00000   0.00000   0.00000 400.00000
ELEMENT :  315
-400.00000   0.00000   0.00000   0.00000 400.00000   0.00000
   0.00000   0.00000   0.00000-400.00000   0.00000 400.00000
   0.00000-400.00000-400.00000   0.00000 400.00000 400.00000
ELEMENT :  316
   0.00000   0.00000-400.00000   0.00000 400.00000   0.00000
   0.00000 400.00000   0.00000-400.00000   0.00000   0.00000
 400.00000   0.00000-400.00000-400.00000   0.00000 400.00000
ELEMENT :  317
-400.00000   0.00000 400.00000   0.00000   0.00000   0.00000
   0.00000   0.00000   0.00000-400.00000   0.00000 400.00000
   0.00000-400.00000-400.00000 400.00000 400.00000   0.00000
ELEMENT :  318
-400.00000   0.00000   0.00000   0.00000 400.00000   0.00000
   0.00000 400.00000   0.00000-400.00000   0.00000   0.00000
 400.00000-400.00000-400.00000   0.00000   0.00000 400.00000
ELEMENT :  319
-400.00000   0.00000   0.00000   0.00000 400.00000   0.00000
   0.00000   0.00000   0.00000-400.00000   0.00000 400.00000
   0.00000-400.00000-400.00000   0.00000 400.00000 400.00000
ELEMENT :  320
   0.00000   0.00000-400.00000   0.00000 400.00000   0.00000
   0.00000 400.00000   0.00000-400.00000   0.00000   0.00000
 400.00000   0.00000-400.00000-400.00000   0.00000 400.00000
